1000
b 102 800 126 898
b 227 967 287 983
b 810 172 846 184
b 745 917 757 1000
b 370 343 428 423
b 90 228 120 276
b 204 370 278 392
b 408 857 422 937
b 754 36 842 92
b 319 115 463 121
b 788 505 862 559
b 107 386 121 496
b 213 189 371 229
b 171 789 215 841
b 58 415 190 429
b 541 687 577 747
b 982 754 1000 860
b 161 564 271 586
b 569 574 713 614
b 914 594 992 654
b 525 145 597 203
b 452 928 460 946
b 756 6 784 110
b 856 65 876 73
b 911 765 1000 821
b 642 35 680 49
b 677 713 805 751
b 752 178 776 254
b 257 436 373 470
b 207 858 209 950
b 445 629 453 645
b 54 377 88 471
b 852 6 864 12
b 378 222 492 250
b 566 481 668 515
b 14 474 42 554
b 493 137 497 267
b 561 401 603 423
b 313 830 357 990
b 154 748 168 848
b 810 102 966 124
b 1 613 58 663
b 744 273 856 325
b 600 234 626 240
b 388 24 480 54
b 209 978 247 992
b 153 420 205 452
b 694 1 738 89
b 447 475 517 531
b 458 316 474 464
b 675 649 691 657
b 862 45 908 169
b 252 239 338 283
b 191 298 193 316
b 455 341 475 485
b 654 394 684 416
b 339 88 413 106
b 76 668 136 818
b 396 199 486 229
b 289 757 415 801
b 432 443 514 471
b 650 1 674 77
b 709 962 843 972
b 115 502 273 518
b 21 420 169 422
b 77 220 223 250
b 490 715 498 863
b 778 620 784 636
b 888 44 908 76
b 59 256 73 364
b 685 753 823 813
b 696 189 736 309
b 404 982 550 1000
b 459 627 495 659
b 441 179 575 233
b 380 800 520 830
b 258 870 284 892
b 579 1 617 114
b 776 284 810 368
b 523 255 581 395
b 711 326 803 372
b 79 172 237 212
b 22 394 100 426
b 151 237 205 353
b 369 872 405 930
b 641 138 671 222
b 343 233 365 249
b 458 336 472 362
b 822 387 868 485
b 313 543 367 601
b 542 146 598 284
b 924 36 1000 54
b 732 363 758 447
b 402 552 512 602
b 68 175 200 183
b 502 47 534 101
b 800 837 846 895
b 645 320 681 440
b 106 107 256 157
b 425 443 433 483
b 76 179 170 239
b 235 352 267 404
b 260 909 278 931
b 124 723 168 779
b 126 260 138 400
b 498 709 528 785
b 922 129 970 189
b 963 199 981 253
b 729 957 815 963
b 537 81 593 239
b 241 95 335 109
b 585 400 659 444
b 328 13 348 125
b 563 23 703 63
b 576 138 610 164
b 47 91 137 115
b 614 517 652 543
b 914 874 974 912
b 643 794 693 802
b 57 600 199 640
b 591 678 697 710
b 14 726 22 834
b 375 316 435 336
b 939 855 1000 891
b 485 217 523 219
b 347 388 351 450
b 817 242 825 268
b 402 16 486 70
b 718 472 766 594
b 652 937 662 1000
b 360 939 380 1000
b 876 546 1000 556
b 848 900 904 996
b 7 516 117 546
b 31 207 173 251
b 1 813 15 825
b 710 41 764 77
b 562 119 648 165
b 661 133 691 243
b 110 834 264 880
b 764 649 866 659
b 423 295 461 427
b 631 708 673 764
b 655 251 787 297
b 303 553 363 563
b 398 421 400 455
b 211 715 299 727
b 793 189 829 345
b 839 79 841 225
b 574 1 684 47
b 675 333 685 423
b 802 544 936 566
b 35 22 79 50
b 924 212 1000 218
b 86 527 106 657
b 664 371 708 485
b 869 795 875 827
b 797 238 865 276
b 623 293 751 317
b 249 510 319 560
b 270 535 410 589
b 444 221 504 263
b 567 285 661 341
b 835 922 873 1000
b 330 737 360 793
b 934 342 992 466
b 840 898 880 960
b 754 892 830 938
b 794 870 810 926
b 313 888 421 898
b 1 10 59 28
b 759 528 791 634
b 739 198 785 218
b 235 313 337 359
b 561 447 571 585
b 237 942 333 960
b 703 33 837 91
b 456 930 514 1000
b 481 434 491 548
b 143 555 227 589
b 672 311 716 313
b 331 808 379 886
b 497 910 557 938
b 318 692 366 728
b 491 359 507 519
b 650 554 682 590
b 519 420 643 446
b 210 63 250 111
b 764 284 820 328
b 311 425 391 461
b 669 648 687 684
b 245 946 279 1000
b 267 815 323 867
b 480 202 502 216
b 583 100 623 256
b 495 154 561 190
b 783 770 857 824
b 330 963 488 977
b 763 313 821 453
b 591 117 693 147
t 600 750 554 939 10
t 459 544 317 369 3
t 284 286 207 402 2
t 180 968 230 941 2
t 889 199 975 92 6
t 609 393 567 591 3
t 357 602 227 743 7
t 642 453 665 619 6
t 861 187 729 389 8
t 846 37 963 86 1
t 27 720 156 930 10
t 382 639 232 653 9
t 376 253 477 161 10
t 2 860 213 960 10
t 734 599 835 593 1
t 449 703 325 660 2
t 400 5 236 5 4
t 27 923 146 884 4
t 304 611 391 632 6
t 697 511 917 411 3
t 827 672 606 728 4
t 377 208 398 144 10
t 785 160 914 192 1
t 952 713 884 474 5
t 482 750 537 825 7
t 597 813 426 954 10
t 126 599 144 818 7
t 869 206 918 243 3
t 672 544 552 453 2
t 192 703 169 736 4
t 918 871 716 911 2
t 1 230 101 25 9
t 310 596 445 768 6
t 841 640 943 520 1
t 413 959 507 789 7
t 131 829 101 985 8
t 979 719 941 557 9
t 619 450 582 694 7
t 354 485 261 474 2
t 286 803 373 804 6
t 491 875 616 745 1
t 64 905 110 925 4
t 83 13 27 153 4
t 173 646 303 711 2
t 319 371 358 186 10
t 125 300 203 394 3
t 343 382 338 341 6
t 317 311 315 163 7
t 140 336 287 368 2
t 747 451 913 370 3